Table of Annualization Factors
Year
1
2
3
4
5
6
7
8
9
10
11
12
13
14
15
16
17
18
19
20

0.0050
1.0050
0.5038
0.3367
0.2531
0.2030
0.1696
0.1457
0.1278
0.1139
0.1028
0.0937
0.0861
0.0796
0.0741
0.0694
0.0652
0.0615
0.0582
0.0553
0.0527

0.0100
1.0100
0.5075
0.3400
0.2563
0.2060
0.1725
0.1486
0.1307
0.1167
0.1056
0.0965
0.0888
0.0824
0.0769
0.0721
0.0679
0.0643
0.0610
0.0581
0.0554

0.0150
1.0150
0.5113
0.3434
0.2594
0.2091
0.1755
0.1516
0.1336
0.1196
0.1084
0.0993
0.0917
0.0852
0.0797
0.0749
0.0708
0.0671
0.0638
0.0609
0.0582

0.0200
1.0200
0.5150
0.3468
0.2626
0.2122
0.1785
0.1545
0.1365
0.1225
0.1113
0.1022
0.0946
0.0881
0.0826
0.0778
0.0737
0.0700
0.0667
0.0638
0.0612

0.0250
1.0250
0.5188
0.3501
0.2658
0.2152
0.1815
0.1575
0.1395
0.1255
0.1143
0.1051
0.0975
0.0910
0.0855
0.0808
0.0766
0.0729
0.0697
0.0668
0.0641

Interest Rate
0.0300
0.0350
1.0300
1.0350
0.5226
0.5264
0.3535
0.3569
0.2690
0.2723
0.2184
0.2215
0.1846
0.1877
0.1605
0.1635
0.1425
0.1455
0.1284
0.1314
0.1172
0.1202
0.1081
0.1111
0.1005
0.1035
0.0940
0.0971
0.0885
0.0916
0.0838
0.0868
0.0796
0.0827
0.0760
0.0790
0.0727
0.0758
0.0698
0.0729
0.0672
0.0704

0.0400
1.0400
0.5302
0.3603
0.2755
0.2246
0.1908
0.1666
0.1485
0.1345
0.1233
0.1141
0.1066
0.1001
0.0947
0.0899
0.0858
0.0822
0.0790
0.0761
0.0736

0.0450
1.0450
0.5340
0.3638
0.2787
0.2278
0.1939
0.1697
0.1516
0.1376
0.1264
0.1172
0.1097
0.1033
0.0978
0.0931
0.0890
0.0854
0.0822
0.0794
0.0769

0.0500
1.0500
0.5378
0.3672
0.2820
0.2310
0.1970
0.1728
0.1547
0.1407
0.1295
0.1204
0.1128
0.1065
0.1010
0.0963
0.0923
0.0887
0.0855
0.0827
0.0802

0.0550
1.0550
0.5416
0.3707
0.2853
0.2342
0.2002
0.1760
0.1579
0.1438
0.1327
0.1236
0.1160
0.1097
0.1043
0.0996
0.0956
0.0920
0.0889
0.0862
0.0837

0.0600
1.0600
0.5454
0.3741
0.2886
0.2374
0.2034
0.1791
0.1610
0.1470
0.1359
0.1268
0.1193
0.1130
0.1076
0.1030
0.0990
0.0954
0.0924
0.0896
0.0872

0.0650
1.0650
0.5493
0.3776
0.2919
0.2406
0.2066
0.1823
0.1642
0.1502
0.1391
0.1301
0.1226
0.1163
0.1109
0.1064
0.1024
0.0989
0.0959
0.0932
0.0908

0.0700
1.0700
0.5531
0.3811
0.2952
0.2439
0.2098
0.1856
0.1675
0.1535
0.1424
0.1334
0.1259
0.1197
0.1143
0.1098
0.1059
0.1024
0.0994
0.0968
0.0944

0.0750
1.0750
0.5569
0.3845
0.2986
0.2472
0.2130
0.1888
0.1707
0.1568
0.1457
0.1367
0.1293
0.1231
0.1178
0.1133
0.1094
0.1060
0.1030
0.1004
0.0981

0.0800
1.0800
0.5608
0.3880
0.3019
0.2505
0.2163
0.1921
0.1740
0.1601
0.1490
0.1401
0.1327
0.1265
0.1213
0.1168
0.1130
0.1096
0.1067
0.1041
0.1019

0.0850
1.0850
0.5646
0.3915
0.3053
0.2538
0.2196
0.1954
0.1773
0.1634
0.1524
0.1435
0.1362
0.1300
0.1248
0.1204
0.1166
0.1133
0.1104
0.1079
0.1057

Interest Rate
0.0900
0.0950
1.0900
1.0950
0.5685
0.5723
0.3951
0.3986
0.3087
0.3121
0.2571
0.2604
0.2229
0.2263
0.1987
0.2020
0.1807
0.1840
0.1668
0.1702
0.1558
0.1593
0.1469
0.1504
0.1397
0.1432
0.1336
0.1372
0.1284
0.1321
0.1241
0.1277
0.1203
0.1240
0.1170
0.1208
0.1142
0.1180
0.1117
0.1156
0.1095
0.1135

0.1000
1.1000
0.5762
0.4021
0.3155
0.2638
0.2296
0.2054
0.1874
0.1736
0.1627
0.1540
0.1468
0.1408
0.1357
0.1315
0.1278
0.1247
0.1219
0.1195
0.1175

0.1050
1.1050
0.5801
0.4057
0.3189
0.2672
0.2330
0.2088
0.1909
0.1771
0.1663
0.1575
0.1504
0.1444
0.1395
0.1352
0.1316
0.1285
0.1259
0.1235
0.1215

0.1100
1.1100
0.5839
0.4092
0.3223
0.2706
0.2364
0.2122
0.1943
0.1806
0.1698
0.1611
0.1540
0.1482
0.1432
0.1391
0.1355
0.1325
0.1298
0.1276
0.1256

0.1150
1.1150
0.5878
0.4128
0.3258
0.2740
0.2398
0.2157
0.1978
0.1841
0.1734
0.1648
0.1577
0.1519
0.1470
0.1429
0.1394
0.1364
0.1339
0.1316
0.1297

0.1200
1.1200
0.5917
0.4163
0.3292
0.2774
0.2432
0.2191
0.2013
0.1877
0.1770
0.1684
0.1614
0.1557
0.1509
0.1468
0.1434
0.1405
0.1379
0.1358
0.1339

Year
1
2
3
4
5
6
7
8
9
10
11
12
13
14
15
16
17
18
19
20

130

